        役名         | take1| take2| take3| take4| take5|  合計  
---------------------+------+------+------+------+------+------
ノーペア             |  2545|  2463|   563|  4040|  3966| 13577
ワンペア             |  6424|  6476|  7890|  2069|  1908| 24767
ツーペア             |   491|   486|   495|   540|   616|  2628
スリーカード         |   207|   217|   234|   199|   213|  1070
ストレート           |   190|   200|   500|  1479|  1563|  3932
フラッシュ           |   126|   137|   297|  1081|  1123|  2764
フルハウス           |    13|    18|    16|   541|   547|  1135
フォーカード         |     4|     3|     2|    29|    46|    84
ストレートフラッシュ |     0|     0|     2|    19|    17|    38
ロイヤルストレート   |     0|     0|     1|     3|     1|     5
---------------------+------+------+------+------+------+------
単純素点             |  1.86|  1.94|  3.48|  9.17|  9.59|
傾斜得点             |  1.86|  1.94|  5.22| 13.76|  9.59| 32.37

平均得点 :  32.367350
