        役名         | take1| take2| take3| take4| take5|  合計  
---------------------+------+------+------+------+------+------
ノーペア             |  3735|  3700|  2552|  2365|  4465| 16817
ワンペア             |  4152|  4265|  2669|  3050|  2364| 16500
ツーペア             |   598|   574|   643|   829|   177|  2821
スリーカード         |   135|   151|   631|   423|   271|  1611
ストレート           |   747|   686|  1470|  1424|  1941|  6268
フラッシュ           |   483|   470|  1435|  1378|   533|  4299
フルハウス           |   109|   111|   519|   436|   127|  1302
フォーカード         |    33|    37|    69|    83|    75|   297
ストレートフラッシュ |     5|     5|    11|    10|    38|    69
ロイヤルストレート   |     3|     1|     1|     2|     9|    16
---------------------+------+------+------+------+------+------
単純素点             |  4.72|  4.49| 10.49| 10.08|  9.38|
傾斜得点             |  4.72|  4.49| 15.73| 15.12|  9.38| 49.44

平均得点 :  49.438950
