        役名         | take1| take2| take3| take4| take5|  合計  
---------------------+------+------+------+------+------+------
ノーペア             |  4115|  4059|  3441|  4652|  4054| 20321
ワンペア             |  4190|  4312|  2315|  2984|  2280| 16081
ツーペア             |   529|   503|   173|   212|    92|  1509
スリーカード         |     0|     1|    36|    72|    31|   140
ストレート           |   780|   752|  1707|  1026|  1487|  5752
フラッシュ           |   364|   343|  2274|  1024|  1998|  6003
フルハウス           |    13|    17|    37|    18|    36|   121
フォーカード         |     5|     5|     6|     3|     6|    25
ストレートフラッシュ |     4|     6|    10|     8|    10|    38
ロイヤルストレート   |     0|     2|     1|     1|     6|    10
---------------------+------+------+------+------+------+------
単純素点             |  4.00|  3.95| 11.47|  6.32| 10.20|
傾斜得点             |  4.00|  3.95| 17.20|  9.47| 10.20| 44.82

平均得点 :  44.822150
