        役名         | take1| take2| take3| take4| take5|  合計  
---------------------+------+------+------+------+------+------
ノーペア             |  4322|  4260|  3809|  5170|  3785| 21346
ワンペア             |  4260|  4341|  2182|  3379|  2142| 16304
ツーペア             |   510|   499|    90|   264|    82|  1445
スリーカード         |   217|   233|    39|    83|    31|   603
ストレート           |   130|   121|   260|   145|   251|   907
フラッシュ           |   541|   514|  3601|   941|  3682|  9279
フルハウス           |    13|    23|     1|     3|     0|    40
フォーカード         |     4|     5|     3|     5|     5|    22
ストレートフラッシュ |     3|     3|    14|    10|    18|    48
ロイヤルストレート   |     0|     1|     1|     0|     4|     6
---------------------+------+------+------+------+------+------
単純素点             |  2.50|  2.47|  9.97|  3.34| 10.26|
傾斜得点             |  2.50|  2.47| 14.95|  5.02| 10.26| 35.20

平均得点 :  35.202450
