        役名         | take1| take2| take3| take4| take5|  合計  
---------------------+------+------+------+------+------+------
ノーペア             |  4148|  3976|  2921|  2948|  3056| 17049
ワンペア             |  4015|  4106|  1803|  2262|  2190| 14376
ツーペア             |   493|   466|   467|   576|   558|  2560
スリーカード         |   208|   250|   797|   661|   183|  2099
ストレート           |   663|   709|  1276|  1258|  1302|  5208
フラッシュ           |   453|   463|  2303|  2098|  2448|  7765
フルハウス           |    13|    20|   419|   182|   240|   874
フォーカード         |     4|     5|     2|     3|     9|    23
ストレートフラッシュ |     3|     4|     9|    12|    13|    41
ロイヤルストレート   |     0|     1|     3|     0|     1|     5
---------------------+------+------+------+------+------+------
単純素点             |  3.96|  4.22| 11.40| 10.39| 11.15|
傾斜得点             |  3.96|  4.22| 17.10| 15.59| 11.15| 52.02

平均得点 :  52.024750
